0.002 -2.602 -0.001 1.964 0.551 0.101 -0.829 0.551 0.101 -0.829 -0.056 0.995 0.084 0.000 0.000 0.000
0.113 -2.602 -0.001 1.964 0.551 0.101 -0.829 0.551 0.101 -0.829 -0.056 0.995 0.084 0.000 0.000 0.000
0.213 -2.602 -0.001 1.964 0.551 0.101 -0.829 0.551 0.101 -0.829 -0.056 0.995 0.084 0.000 0.000 0.000
0.313 -2.602 -0.001 1.964 0.551 0.101 -0.829 0.551 0.101 -0.829 -0.056 0.995 0.084 0.000 0.000 0.000
0.413 -2.602 -0.001 1.964 0.551 0.101 -0.829 0.551 0.101 -0.829 -0.056 0.995 0.084 0.000 0.000 0.000
0.513 -2.585 -0.001 1.938 0.551 0.101 -0.829 0.551 0.101 -0.829 -0.056 0.995 0.084 0.000 0.000 0.000
0.613 -2.477 -0.001 1.795 0.680 0.028 -0.732 0.680 0.028 -0.732 -0.019 1.000 0.020 0.000 0.000 0.000
0.713 -2.337 -0.001 1.682 0.806 -0.087 -0.586 0.806 -0.087 -0.586 0.071 0.996 -0.051 0.000 0.000 0.000
0.814 -2.183 -0.001 1.585 0.869 -0.078 -0.489 0.869 -0.078 -0.489 0.068 0.997 -0.039 0.000 0.000 0.000
0.914 -2.021 -0.001 1.507 0.919 -0.031 -0.394 0.919 -0.031 -0.394 0.029 1.000 -0.012 0.000 0.000 0.000
1.014 -1.852 -0.001 1.449 0.962 0.038 -0.272 0.962 0.038 -0.272 -0.037 0.999 0.010 0.000 0.000 0.000
1.113 -1.676 -0.001 1.412 0.985 0.061 -0.160 0.985 0.061 -0.160 -0.060 0.998 0.010 0.000 0.000 0.000
1.214 -1.496 -0.001 1.395 0.998 0.054 -0.023 0.998 0.054 -0.023 -0.054 0.999 0.001 0.000 0.000 0.000
1.314 -1.316 -0.001 1.404 0.993 0.035 0.110 0.993 0.035 0.110 -0.035 0.999 -0.004 0.000 0.000 0.000
1.414 -1.139 -0.001 1.435 0.971 0.009 0.239 0.971 0.009 0.239 -0.008 1.000 -0.002 0.000 0.000 0.000
1.514 -0.967 -0.001 1.489 0.941 0.003 0.337 0.941 0.003 0.337 -0.003 1.000 -0.001 0.000 0.000 0.000
1.614 -0.798 -0.001 1.551 0.937 0.003 0.349 0.937 0.003 0.349 -0.003 1.000 -0.001 0.000 0.000 0.000
1.714 -0.630 -0.001 1.614 0.937 0.003 0.350 0.937 0.003 0.350 -0.003 1.000 -0.001 0.000 0.000 0.000
1.814 -0.461 -0.001 1.676 0.940 0.014 0.340 0.940 0.014 0.340 -0.013 1.000 -0.005 0.000 0.000 0.000
1.913 -0.292 -0.001 1.733 0.957 0.070 0.280 0.957 0.070 0.280 -0.067 0.998 -0.020 0.000 0.000 0.000
2.013 -0.115 -0.001 1.762 0.955 0.289 0.067 0.955 0.289 0.067 -0.288 0.957 -0.020 0.000 0.000 0.000
2.114 0.067 -0.001 1.764 0.927 0.375 -0.023 0.927 0.375 -0.023 -0.374 0.927 0.009 0.000 0.000 0.000
2.215 0.247 -0.001 1.753 0.914 0.400 -0.070 0.914 0.400 -0.070 -0.399 0.916 0.031 0.000 0.000 0.000
2.314 0.426 -0.001 1.735 0.906 0.410 -0.103 0.906 0.410 -0.103 -0.407 0.912 0.046 0.000 0.000 0.000
2.413 0.603 -0.001 1.711 0.898 0.418 -0.136 0.898 0.418 -0.136 -0.413 0.909 0.062 0.000 0.000 0.000
2.515 0.783 -0.001 1.679 0.889 0.419 -0.184 0.889 0.419 -0.184 -0.411 0.908 0.085 0.000 0.000 0.000
2.615 0.955 -0.001 1.633 0.869 0.419 -0.264 0.869 0.419 -0.264 -0.401 0.908 0.122 0.000 0.000 0.000
2.714 1.122 -0.001 1.564 0.803 0.437 -0.406 0.803 0.437 -0.406 -0.390 0.900 0.197 0.000 0.000 0.000
2.814 1.266 -0.001 1.458 0.627 0.533 -0.568 0.627 0.533 -0.568 -0.395 0.846 0.358 0.000 0.000 0.000
2.914 1.386 -0.001 1.324 0.468 0.613 -0.637 0.468 0.613 -0.637 -0.363 0.790 0.494 0.000 0.000 0.000
3.014 1.490 -0.001 1.177 0.450 0.624 -0.639 0.450 0.624 -0.639 -0.360 0.782 0.510 0.000 0.000 0.000
3.115 1.595 -0.001 1.029 0.450 0.624 -0.639 0.450 0.624 -0.639 -0.360 0.782 0.510 0.000 0.000 0.000
3.214 1.697 -0.001 0.883 0.450 0.624 -0.639 0.450 0.624 -0.639 -0.360 0.782 0.510 0.000 0.000 0.000
3.314 1.812 -0.001 0.753 0.404 0.645 -0.648 0.404 0.645 -0.648 -0.341 0.764 0.548 0.000 0.000 0.000
3.415 1.963 -0.001 0.656 -0.009 0.808 -0.589 -0.009 0.808 -0.589 0.013 0.589 0.808 0.000 0.000 0.000
3.515 2.079 -0.001 0.518 -0.065 0.814 -0.577 -0.065 0.814 -0.577 0.091 0.581 0.809 0.000 0.000 0.000
3.615 2.188 -0.001 0.377 -0.079 0.811 -0.580 -0.079 0.811 -0.580 0.110 0.585 0.804 0.000 0.000 0.000
3.714 2.295 -0.001 0.232 -0.096 0.801 -0.591 -0.096 0.801 -0.591 0.128 0.599 0.790 0.000 0.000 0.000
3.815 2.397 -0.001 0.082 -0.134 0.774 -0.619 -0.134 0.774 -0.619 0.164 0.633 0.756 0.000 0.000 0.000
3.915 2.491 -0.001 -0.072 -0.159 0.762 -0.628 -0.159 0.762 -0.628 0.187 0.648 0.738 0.000 0.000 0.000
4.015 2.580 -0.001 -0.228 -0.204 0.683 -0.701 -0.204 0.683 -0.701 0.191 0.730 0.656 0.000 0.000 0.000
4.115 2.665 -0.001 -0.387 -0.273 0.370 -0.888 -0.273 0.370 -0.888 0.109 0.929 0.353 0.000 0.000 0.000
4.215 2.748 -0.001 -0.546 -0.296 0.177 -0.939 -0.296 0.177 -0.939 0.053 0.984 0.169 0.000 0.000 0.000
4.314 2.831 -0.001 -0.704 -0.292 0.167 -0.942 -0.292 0.167 -0.942 0.049 0.986 0.159 0.000 0.000 0.000
4.414 2.891 -0.001 -0.865 -0.292 0.167 -0.942 -0.292 0.167 -0.942 0.049 0.986 0.159 0.000 0.000 0.000
4.514 2.838 -0.001 -1.037 -0.292 0.167 -0.942 -0.292 0.167 -0.942 0.049 0.986 0.159 0.000 0.000 0.000
4.615 2.784 -0.001 -1.211 -0.292 0.167 -0.942 -0.292 0.167 -0.942 0.049 0.986 0.159 0.000 0.000 0.000
4.714 2.734 -0.001 -1.382 -0.257 0.103 -0.961 -0.257 0.103 -0.961 0.027 0.995 0.099 0.000 0.000 0.000
4.814 2.725 -0.001 -1.561 0.088 -0.291 -0.953 0.088 -0.291 -0.953 0.027 0.957 -0.289 0.000 0.000 0.000
4.915 2.769 -0.001 -1.737 0.281 -0.448 -0.849 0.281 -0.448 -0.849 0.141 0.894 -0.425 0.000 0.000 0.000
5.015 2.831 -0.001 -1.906 0.315 -0.471 -0.824 0.315 -0.471 -0.824 0.168 0.882 -0.440 0.000 0.000 0.000
5.115 2.896 -0.001 -2.073 0.322 -0.471 -0.821 0.322 -0.471 -0.821 0.172 0.882 -0.439 0.000 0.000 0.000
5.215 2.825 -0.001 -2.239 0.332 -0.457 -0.825 0.332 -0.457 -0.825 0.170 0.889 -0.424 0.000 0.000 0.000
5.315 2.740 -0.001 -2.397 0.152 -0.391 -0.908 0.152 -0.391 -0.908 0.064 0.921 -0.385 0.000 0.000 0.000
5.415 2.660 -0.001 -2.549 -0.209 -0.384 -0.899 -0.209 -0.384 -0.899 -0.087 0.923 -0.374 0.000 0.000 0.000
5.516 2.594 -0.001 -2.718 -0.395 -0.384 -0.835 -0.395 -0.384 -0.835 -0.164 0.923 -0.347 0.000 0.000 0.000
5.616 2.506 -0.001 -2.873 -0.516 -0.370 -0.773 -0.516 -0.370 -0.773 -0.205 0.929 -0.308 0.000 0.000 0.000
5.715 2.449 -0.001 -3.034 -0.742 -0.339 -0.578 -0.742 -0.339 -0.578 -0.267 0.941 -0.208 0.000 0.000 0.000
5.815 2.381 -0.001 -3.200 -0.929 -0.274 -0.247 -0.929 -0.274 -0.247 -0.265 0.962 -0.070 0.000 0.000 0.000
5.915 2.288 -0.001 -3.354 -0.936 -0.266 -0.232 -0.936 -0.266 -0.232 -0.258 0.964 -0.064 0.000 0.000 0.000
6.015 2.168 -0.001 -3.471 -0.936 -0.266 -0.232 -0.936 -0.266 -0.232 -0.258 0.964 -0.064 0.000 0.000 0.000
6.115 1.994 -0.001 -3.514 -0.936 -0.266 -0.232 -0.936 -0.266 -0.232 -0.258 0.964 -0.064 0.000 0.000 0.000
6.215 1.818 -0.001 -3.555 -0.947 -0.266 -0.179 -0.947 -0.266 -0.179 -0.261 0.964 -0.049 0.000 0.000 0.000
6.315 1.639 -0.001 -3.557 -0.939 -0.309 0.152 -0.939 -0.309 0.152 -0.305 0.951 0.049 0.000 0.000 0.000
6.415 1.473 -0.001 -3.596 -0.890 -0.292 0.349 -0.890 -0.292 0.349 -0.272 0.956 0.107 0.000 0.000 0.000
6.515 1.304 -0.001 -3.656 -0.838 -0.274 0.472 -0.838 -0.274 0.472 -0.239 0.962 0.134 0.000 0.000 0.000
6.616 1.125 -0.001 -3.688 -0.748 -0.276 0.604 -0.748 -0.276 0.604 -0.215 0.961 0.173 0.000 0.000 0.000
6.715 0.947 -0.001 -3.699 -0.712 -0.271 0.648 -0.712 -0.271 0.648 -0.200 0.963 0.182 0.000 0.000 0.000
6.815 0.768 -0.001 -3.707 -0.712 -0.271 0.648 -0.712 -0.271 0.648 -0.200 0.963 0.182 0.000 0.000 0.000
6.915 0.588 -0.001 -3.715 -0.712 -0.271 0.648 -0.712 -0.271 0.648 -0.200 0.963 0.182 0.000 0.000 0.000
7.015 0.408 -0.001 -3.724 -0.711 -0.271 0.649 -0.711 -0.271 0.649 -0.200 0.963 0.182 0.000 0.000 0.000
7.116 0.226 -0.001 -3.725 -0.635 -0.267 0.725 -0.635 -0.267 0.725 -0.176 0.964 0.201 0.000 0.000 0.000
7.216 0.054 -0.001 -3.675 -0.346 -0.247 0.905 -0.346 -0.247 0.905 -0.088 0.969 0.231 0.000 0.000 0.000
7.316 -0.008 -0.001 -3.517 -0.221 -0.223 0.949 -0.221 -0.223 0.949 -0.051 0.975 0.217 0.000 0.000 0.000
7.415 -0.044 -0.001 -3.340 -0.184 -0.220 0.958 -0.184 -0.220 0.958 -0.042 0.976 0.216 0.000 0.000 0.000
7.515 -0.075 -0.001 -3.163 -0.151 -0.220 0.964 -0.151 -0.220 0.964 -0.034 0.976 0.217 0.000 0.000 0.000
7.615 -0.100 -0.001 -2.985 -0.126 -0.223 0.967 -0.126 -0.223 0.967 -0.029 0.975 0.221 0.000 0.000 0.000
7.715 -0.123 0.233 -2.806 -0.124 -0.223 0.967 -0.124 -0.223 0.967 -0.028 0.975 0.221 0.000 0.000 0.000
7.815 -0.146 0.626 -2.628 -0.122 -0.223 0.967 -0.122 -0.223 0.967 -0.028 0.975 0.221 0.000 0.000 0.000
7.916 -0.169 0.746 -2.447 -0.122 -0.223 0.967 -0.122 -0.223 0.967 -0.028 0.975 0.221 0.000 0.000 0.000
8.016 -0.191 0.767 -2.269 -0.122 -0.223 0.967 -0.122 -0.223 0.967 -0.028 0.975 0.221 0.000 0.000 0.000
8.116 -0.214 0.689 -2.090 -0.122 -0.223 0.967 -0.122 -0.223 0.967 -0.028 0.975 0.221 0.000 0.000 0.000
8.216 -0.236 0.513 -1.912 -0.122 -0.223 0.967 -0.122 -0.223 0.967 -0.028 0.975 0.221 0.000 0.000 0.000
8.316 -0.259 0.240 -1.733 -0.122 -0.223 0.967 -0.122 -0.223 0.967 -0.028 0.975 0.221 0.000 0.000 0.000
8.416 -0.280 -0.001 -1.554 -0.109 -0.225 0.968 -0.109 -0.225 0.968 -0.025 0.974 0.224 0.000 0.000 0.000
8.500 -0.296 -0.001 -1.406 -0.095 -0.230 0.969 -0.095 -0.230 0.969 -0.022 0.973 0.229 0.000 0.000 0.000
8.600 -0.313 -0.001 -1.225 -0.095 -0.230 0.969 -0.095 -0.230 0.969 -0.022 0.973 0.229 0.000 0.000 0.000
8.716 -0.334 -0.001 -1.017 -0.095 -0.230 0.969 -0.095 -0.230 0.969 -0.022 0.973 0.229 0.000 0.000 0.000
8.800 -0.348 -0.001 -0.868 -0.095 -0.230 0.969 -0.095 -0.230 0.969 -0.022 0.973 0.229 0.000 0.000 0.000
8.916 -0.369 -0.001 -0.659 -0.095 -0.230 0.969 -0.095 -0.230 0.969 -0.022 0.973 0.229 0.000 0.000 0.000
9.016 -0.372 -0.001 -0.630 -0.095 -0.224 0.970 -0.095 -0.230 0.969 -0.022 0.973 0.229 0.000 0.000 0.000
9.115 -0.372 -0.001 -0.630 -0.095 -0.224 0.970 -0.095 -0.230 0.969 -0.022 0.973 0.229 0.000 0.000 0.000
9.216 -0.372 -0.001 -0.630 -0.095 -0.224 0.970 -0.095 -0.230 0.969 -0.022 0.973 0.229 0.000 0.000 0.000
9.316 -0.372 -0.001 -0.630 -0.095 -0.224 0.970 -0.095 -0.230 0.969 -0.022 0.973 0.229 0.000 0.000 0.000
9.416 -0.372 -0.001 -0.630 -0.095 -0.224 0.970 -0.095 -0.230 0.969 -0.022 0.973 0.229 0.000 0.000 0.000
9.516 -0.372 -0.001 -0.630 -0.095 -0.224 0.970 -0.095 -0.230 0.969 -0.022 0.973 0.229 0.000 0.000 0.000
9.616 -0.372 -0.001 -0.630 -0.095 -0.224 0.970 -0.095 -0.230 0.969 -0.022 0.973 0.229 0.000 0.000 0.000
9.716 -0.372 -0.001 -0.630 -0.095 -0.224 0.970 -0.095 -0.230 0.969 -0.022 0.973 0.229 0.000 0.000 0.000
9.817 -0.372 -0.001 -0.630 -0.095 -0.224 0.970 -0.095 -0.230 0.969 -0.022 0.973 0.229 0.000 0.000 0.000
9.900 -0.372 -0.001 -0.630 -0.095 -0.224 0.970 -0.095 -0.230 0.969 -0.022 0.973 0.229 0.000 0.000 0.000
